200
32688
18846
4814
1107
262
867
2232
1402
1384
1783
1426
2726
2415
2740
3193
3717
3549
3489
3838
3999
16836
11212
8980
4989
4845
4857
7280
6644
5263
5592
5270
6199
6116
6512
6622
6872
6871
6868
6793
7191
8272
7880
7280
8091
8481
8301
8456
8834
9689
9644
9106
10784
10538
10287
9766
9900
10767
10910
16134
13269
12865
11569
11641
11604
11873
11907
12836
12563
12420
11995
12135
13141
12916
13474
13370
13278
14594
13687
14175
13746
14133
14558
14567
15904
15031
14718
14654
15196
15154
15341
15292
15956
16115
16280
16230
16536
16920
17510
16974
16997
17095
17368
17194
17251
17627
17595
18638
18464
17780
17968
18622
22276
19296
18899
19590
19380
19441
21702
20658
19910
19635
19691
20323
20890
20897
21882
21814
21805
21831
22184
22259
26218
23060
22410
22300
22574
24304
23933
23416
23949
25643
24635
24419
24426
24620
25615
25427
24944
24985
25432
25744
25814
29512
29474
27598
27163
26778
26396
26389
26776
27010
27070
27441
28475
28079
28301
28421
29247
29239
28610
29027
29432
29395
29478
30200
29804
31368
31245
31115
30806
30799
30461
30306
30277
30954
31174
31188
31426
31418
32193
31522
31980
31965
31725
31596
31846
31990
32148
32320
32256
