200
8898
10934
21918
30732
9479
10294
27508
14788
19303
4787
12898
29713
2178
19362
6677
23477
29340
12935
23830
30187
7058
27925
14422
16811
9491
31382
16650
1577
25868
5773
19640
27295
11876
11930
8082
15180
4586
28575
21764
32700
11148
11809
13961
17995
20425
11761
29890
18661
11625
3339
30409
20239
14187
21950
13251
28971
27455
31757
19124
8439
18229
19030
19608
7000
1334
305
27823
10070
28082
11931
2840
18023
22233
84
19873
14832
9230
5509
15070
521
22936
5030
2936
14721
6299
671
9672
29473
5959
13357
30628
31797
26960
14984
8825
10313
11422
12867
11674
2609
28229
25459
13016
15948
23479
32275
14675
10761
5177
30119
12944
21673
11923
16416
19915
15687
18188
31744
5518
21014
10645
16830
2946
27883
27717
9324
13958
30971
3589
9623
22270
9701
28045
8303
13677
19443
11407
28711
16199
26012
21297
21919
26112
16974
18369
24641
29801
22123
28324
24105
20028
19602
1680
6024
19957
15391
5372
22858
13540
10485
30420
4854
24961
12411
26992
3030
16383
2020
8135
29529
10532
12212
14304
20661
9047
127
9354
5584
14843
29940
24397
22881
24315
21787
30368
31826
2726
9947
19548
15978
3518
1983
6257
1576
18891
21498
984
24562
17333
16040
